35 0.4999285340309143 0.5484033226966858 0.9999974966049194 0.903792142868042
35 0.7661591172218323 0.8320266008377075 0.4506114423274994 0.3361477255821228
35 0.6647433638572693 0.5895713567733765 0.3970543146133423 0.2915842831134796
35 0.29350516200065613 0.6159273386001587 0.38468730449676514 0.3285716474056244
35 0.8718973398208618 0.3314155042171478 0.2561796009540558 0.28411945700645447
35 0.08849023282527924 0.39856329560279846 0.17695841193199158 0.2826380133628845
35 0.0580466091632843 0.6766547560691833 0.11604231595993042 0.3439568877220154
35 0.28879454731941223 0.2190898358821869 0.2745392918586731 0.20278510451316833
35 0.5960077047348022 0.3640778958797455 0.3138800859451294 0.24398833513259888
35 0.6064467430114746 0.19294267892837524 0.27148640155792236 0.19555024802684784
35 0.31847327947616577 0.3894525170326233 0.2529164254665375 0.2734997570514679