94 0.5638517737388611 0.8461626172065735 0.21437957882881165 0.22122164070606232
94 0.8525363206863403 0.6968332529067993 0.17911967635154724 0.21101002395153046
94 0.2496231496334076 0.8957525491714478 0.19146861135959625 0.20782017707824707
94 0.08692403882741928 0.7675301432609558 0.1737872064113617 0.19775952398777008
94 0.05800476297736168 0.31191790103912354 0.11615335196256638 0.1656164526939392
94 0.8068282008171082 0.16151660680770874 0.13901387155056 0.15918095409870148
94 0.16891804337501526 0.16052697598934174 0.12721270322799683 0.14927804470062256
94 0.9419427514076233 0.3255270719528198 0.11600513756275177 0.15088984370231628
94 0.9274259805679321 0.49624723196029663 0.14508028328418732 0.18553903698921204
94 0.4999196529388428 0.5014848113059998 0.9999984502792358 0.9943062663078308
94 0.036098774522542953 0.5550513863563538 0.07226913422346115 0.18807877600193024
94 0.4573719799518585 0.39066487550735474 0.6681079864501953 0.6300783753395081
94 0.6216815114021301 0.07733675092458725 0.12350621074438095 0.12565875053405762