32 0.17519962787628174 0.2816861569881439 0.2918698787689209 0.25259333848953247
32 0.7179691791534424 0.15125441551208496 0.26127925515174866 0.22425562143325806
32 0.6954956650733948 0.889232337474823 0.3720043897628784 0.22164492309093475
32 0.19982105493545532 0.8375610113143921 0.3521649241447449 0.3248855173587799
32 0.11314982175827026 0.5516098737716675 0.22597116231918335 0.28973057866096497
32 0.3785427212715149 0.48607197403907776 0.3045606315135956 0.265281081199646
32 0.40944281220436096 0.12220265716314316 0.24996209144592285 0.2336212396621704
32 0.9129155278205872 0.6794652938842773 0.17409490048885345 0.32142558693885803
32 0.8998371958732605 0.3454408347606659 0.2002202421426773 0.2506803274154663
32 0.500057578086853 0.5017613172531128 0.9999955892562866 0.9942799806594849
32 0.6757006049156189 0.41997700929641724 0.3030511438846588 0.27603375911712646