32 0.13871212303638458 0.58050537109375 0.22859475016593933 0.24387234449386597
32 0.3787655830383301 0.5546983480453491 0.2184438407421112 0.2193455845117569
32 0.5122417211532593 0.5867968201637268 0.9740018248558044 0.613666296005249
32 0.8669145703315735 0.7478771805763245 0.2636886537075043 0.23466604948043823
32 0.6063891649246216 0.5127792358398438 0.20230989158153534 0.22409847378730774
32 0.801868736743927 0.49683353304862976 0.2102043479681015 0.22479689121246338
32 0.2673284411430359 0.3917979896068573 0.18029475212097168 0.1780773103237152
32 0.5978356599807739 0.7863267064094543 0.29252752661705017 0.21750180423259735
32 0.4614028334617615 0.3574729561805725 0.1674390435218811 0.15671014785766602
32 0.6196178793907166 0.3679996430873871 0.16612690687179565 0.17124521732330322
32 0.30551448464393616 0.7705603837966919 0.29010269045829773 0.22378358244895935