32 0.5886733531951904 0.34071263670921326 0.20728930830955505 0.15403905510902405
32 0.35769540071487427 0.43135717511177063 0.20900960266590118 0.1399460881948471
32 0.8186128735542297 0.4218185245990753 0.2710016965866089 0.16549961268901825
32 0.3677414655685425 0.7445380091667175 0.23637014627456665 0.20104458928108215
32 0.6467899084091187 0.7231029868125916 0.28204965591430664 0.21261414885520935
32 0.5355535745620728 0.5740473866462708 0.23506048321723938 0.16644005477428436
32 0.2752176523208618 0.6002322435379028 0.2166418433189392 0.15269239246845245
32 0.5647157430648804 0.5524601340293884 0.7977221012115479 0.586915910243988
32 0.8383371829986572 0.5831248760223389 0.2436845898628235 0.2044311910867691
32 0.0593876950442791 0.9186003804206848 0.11886914819478989 0.16282294690608978
32 0.07979079335927963 0.40861159563064575 0.15941667556762695 0.31521371006965637