32 0.7393738627433777 0.7566341161727905 0.32760941982269287 0.26143917441368103
32 0.7586014270782471 0.5233758687973022 0.26536497473716736 0.22956544160842896
32 0.36882391571998596 0.24871034920215607 0.2254536896944046 0.1867874413728714
32 0.6165855526924133 0.2243698239326477 0.21081344783306122 0.19160300493240356
32 0.23497535288333893 0.40326961874961853 0.22284109890460968 0.19362275302410126
32 0.1358819305896759 0.5894137024879456 0.24881350994110107 0.2474956065416336
32 0.3244762420654297 0.743445873260498 0.3279094994068146 0.277209997177124
32 0.45967820286750793 0.5077750086784363 0.9095526933670044 0.7591366767883301
32 0.7875248193740845 0.33610087633132935 0.25224050879478455 0.19762389361858368
32 0.5128180384635925 0.3756902813911438 0.22768975794315338 0.18585628271102905
32 0.44068509340286255 0.5213848948478699 0.27433642745018005 0.24391427636146545