32 0.20393764972686768 0.5538972616195679 0.1985415369272232 0.24514535069465637
32 0.34338340163230896 0.3320876955986023 0.17129041254520416 0.2024698704481125
32 0.3561880588531494 0.7695364952087402 0.2456761747598648 0.2839882969856262
32 0.4853213131427765 0.5518282055854797 0.21198436617851257 0.2405215948820114
32 0.4833812713623047 0.2011362612247467 0.16617652773857117 0.19082187116146088
32 0.645972728729248 0.7821667194366455 0.24794453382492065 0.27644065022468567
32 0.8136769533157349 0.39645519852638245 0.19910825788974762 0.21662810444831848
32 0.6781041622161865 0.24265065789222717 0.1801324486732483 0.18664072453975677
32 0.7514964938163757 0.6120431423187256 0.2220577448606491 0.27855631709098816
32 0.589428722858429 0.3730255365371704 0.19121503829956055 0.2236105352640152
32 0.5084576606750488 0.513475775718689 0.8104865550994873 0.8144013285636902
32 0.9469199776649475 0.041820794343948364 0.10596192628145218 0.08362051099538803