69 0.432005375623703 0.4751860797405243 0.8641588091850281 0.9507402181625366
69 0.18744224309921265 0.7967472672462463 0.3743739724159241 0.3088458478450775
69 0.19458210468292236 0.5234902501106262 0.3888823986053467 0.2658628821372986
69 0.635670006275177 0.34923532605171204 0.36457720398902893 0.32817140221595764
69 0.6131200790405273 0.7544110417366028 0.5064886212348938 0.2690931558609009
69 0.586151123046875 0.1754249930381775 0.35428741574287415 0.15071462094783783
69 0.2225465476512909 0.06176767125725746 0.3999849557876587 0.12303996831178665
69 0.22229154407978058 0.3287137746810913 0.4441187381744385 0.1843852698802948
69 0.5941526293754578 0.05353749915957451 0.36247536540031433 0.1067657619714737
69 0.22397860884666443 0.1929454207420349 0.37741416692733765 0.22106172144412994
69 0.6537553668022156 0.5393880009651184 0.3969142436981201 0.269832968711853