0 0.4999091923236847 0.5021183490753174 0.9999994039535522 0.9977364540100098
0 0.4554523527622223 0.18471919000148773 0.1870971918106079 0.21834132075309753
0 0.12748463451862335 0.5489415526390076 0.2546966075897217 0.26765939593315125
0 0.6935011148452759 0.81437087059021 0.16972975432872772 0.10493028163909912
0 0.4007605016231537 0.5691021084785461 0.24209173023700714 0.25240981578826904
0 0.860630989074707 0.2051403671503067 0.201990008354187 0.19970811903476715
0 0.9002747535705566 0.5969458818435669 0.19953124225139618 0.25109004974365234
0 0.3253920376300812 0.9271206259727478 0.1757783144712448 0.14549055695533752
0 0.08731384575366974 0.9117414951324463 0.17471151053905487 0.1766502410173416
0 0.5216686725616455 0.7923464179039001 0.1540711522102356 0.07879569381475449
0 0.8976417183876038 0.379275381565094 0.20450761914253235 0.24298584461212158
0 0.3535822331905365 0.7826396226882935 0.16394983232021332 0.07877975702285767
0 0.881842851638794 0.8216322660446167 0.17394594848155975 0.0957561582326889
0 0.5310133099555969 0.9293925762176514 0.17927365005016327 0.14132606983184814