63 0.9165465235710144 0.6471272706985474 0.16690951585769653 0.26436668634414673
63 0.03762608766555786 0.6435652375221252 0.07527077198028564 0.2681658864021301
63 0.10933063179254532 0.639142632484436 0.08022316545248032 0.29019200801849365
63 0.47233566641807556 0.8015762567520142 0.46014079451560974 0.08532274514436722
63 0.4770868122577667 0.8089941143989563 0.06489280611276627 0.09286850690841675
63 0.41188669204711914 0.8011599779129028 0.06338675320148468 0.08369146287441254
63 0.34527385234832764 0.8024123311042786 0.07078123837709427 0.07334992289543152
63 0.6702885627746582 0.8058934807777405 0.06163426488637924 0.06607822328805923
63 0.5435246229171753 0.803995668888092 0.06621804088354111 0.07091473788022995
63 0.2763873040676117 0.7963557839393616 0.06733229756355286 0.07438711822032928
63 0.6083014011383057 0.8032676577568054 0.06318670511245728 0.07272320985794067