29 0.5772594213485718 0.3075197637081146 0.19475768506526947 0.1975073367357254
29 0.10120562463998795 0.7112757563591003 0.1795879304409027 0.1903742104768753
29 0.8386300802230835 0.5610918402671814 0.20937873423099518 0.1976662576198578
29 0.8397942185401917 0.32484546303749084 0.1789267361164093 0.17692288756370544
29 0.6792770624160767 0.6961627006530762 0.19678105413913727 0.2041662037372589
29 0.38778698444366455 0.5375850200653076 0.1809621900320053 0.20459215342998505
29 0.18601538240909576 0.5432626008987427 0.1733441799879074 0.1704483926296234
29 0.3548508286476135 0.34219563007354736 0.1832532435655594 0.18327496945858002
29 0.17674782872200012 0.34819188714027405 0.17211544513702393 0.16658923029899597
29 0.3042964041233063 0.7140540480613708 0.19264452159404755 0.18454964458942413
29 0.5928977727890015 0.5158283114433289 0.19339622557163239 0.18408125638961792
29 0.4776555597782135 0.5098277926445007 0.9356598854064941 0.5974448919296265